year,Hydro,Nuclear,Coal/Lignite,Gas,Wind,Solar,Other
2010,38,18,30,9,0,0,5
2011,30,18,35,12,0,0,5
2012,28,18,33,14,1,0,6
2013,29,18,30,15,2,0,6
2014,28,18,28,16,3,0,7
2015,32,18,26,14,5,1,4
2016,25,18,26,16,7,2,6
2017,27,18,25,15,9,3,3
2018,30,18,24,13,10,4,1
2019,28,18,22,14,11,4,3
2020,22,18,22,15,12,5,6
2021,30,18,19,13,12,5,3
2022,28,18,17,14,13,6,4
2023,25,18,16,14,14,8,4
